name: xgbse
channels:
  - conda-forge
  - defaults
dependencies:
  - bzip2=1.0.8=h8ffe710_4
  - ca-certificates=2022.12.7=h5b45459_0
  - importlib-metadata=6.6.0=pyha770c72_0
  - importlib_metadata=6.6.0=hd8ed1ab_0
  - intel-openmp=2023.1.0=h57928b3_46319
  - jupyter_client=8.2.0=pyhd8ed1ab_0
  - jupyter_core=5.3.0=py310h5588dad_0
  - libblas=3.9.0=16_win64_mkl
  - libcblas=3.9.0=16_win64_mkl
  - libffi=3.4.2=h8ffe710_5
  - libhwloc=2.9.1=h51c2c0f_0
  - libiconv=1.17=h8ffe710_0
  - liblapack=3.9.0=16_win64_mkl
  - libsodium=1.0.18=h8d14728_1
  - libsqlite=3.40.0=hcfcfb64_1
  - libxml2=2.10.4=hc3477c8_0
  - libzlib=1.2.13=hcfcfb64_4
  - mkl=2022.1.0=h6a75c08_874
  - nb_conda_kernels=2.3.1=py310h5588dad_2
  - numpy=1.24.3=py310hd02465a_0
  - openssl=3.1.0=hcfcfb64_2
  - pandas=2.0.1=py310h1c4a608_0
  - pip=23.1.2=pyhd8ed1ab_0
  - platformdirs=3.4.0=pyhd8ed1ab_0
  - pthreads-win32=2.9.1=hfa6e2cd_3
  - python=3.10.10=h4de0772_0_cpython
  - python-dateutil=2.8.2=pyhd8ed1ab_0
  - python-tzdata=2023.3=pyhd8ed1ab_0
  - python_abi=3.10=3_cp310
  - pytz=2023.3=pyhd8ed1ab_0
  - pywin32=304=py310h00ffb61_2
  - pyzmq=25.0.2=py310hcd737a0_0
  - setuptools=67.7.2=pyhd8ed1ab_0
  - six=1.16.0=pyh6c4a22f_0
  - tbb=2021.9.0=h91493d7_0
  - tk=8.6.12=h8ffe710_0
  - tornado=6.3=py310h8d17308_0
  - traitlets=5.9.0=pyhd8ed1ab_0
  - typing-extensions=4.5.0=hd8ed1ab_0
  - typing_extensions=4.5.0=pyha770c72_0
  - tzdata=2023c=h71feb2d_0
  - ucrt=10.0.22621.0=h57928b3_0
  - vc=14.3=h3d8a991_11
  - vs2015_runtime=14.34.31931=h4c5c07a_11
  - wheel=0.40.0=pyhd8ed1ab_0
  - xz=5.2.6=h8d14728_0
  - zeromq=4.3.4=h0e60522_1
  - zipp=3.15.0=pyhd8ed1ab_0
  - pip:
      - astor==0.8.1
      - autograd==1.5
      - autograd-gamma==0.5.0
      - contourpy==1.0.7
      - cycler==0.11.0
      - fonttools==4.39.3
      - formulaic==0.6.0
      - future==0.18.3
      - interface-meta==1.3.0
      - joblib==1.2.0
      - kiwisolver==1.4.4
      - lifelines==0.27.5
      - matplotlib==3.7.1
      - packaging==23.1
      - pillow==9.5.0
      - pyparsing==3.0.9
      - scikit-learn==1.2.2
      - scipy==1.10.1
      - seaborn==0.12.2
      - threadpoolctl==3.1.0
      - wrapt==1.15.0
      - xgboost==1.7.5
      - xgbse==0.2.3
prefix: C:\Users\dmitry\.conda\envs\xgbse
